
3.0
9.0
27.0
81.0
243.0
729.0
2187.0
6561.0
19683.0
59049.0
177147.0
531441.0
1594323.0
4782969.0
14348907.0
43046721.0
129140163.0
387420489.0
1162261467.0
3486784401.0
10460353203.0
31381059609.0
94143178827.0
2.82429536481e+11
8.47288609443e+11
2.54186582833e+12
7.62559748499e+12
2.2876792455e+13
6.86303773649e+13
2.05891132095e+14
6.17673396284e+14
1.85302018885e+15
5.55906056656e+15
1.66771816997e+16
5.0031545099e+16
1.50094635297e+17
4.50283905891e+17
1.35085171767e+18
4.05255515302e+18
1.21576654591e+19
3.64729963772e+19
1.09418989132e+20
3.28256967395e+20
9.84770902184e+20
2.95431270655e+21
8.86293811965e+21
2.6588814359e+22
7.97664430769e+22
2.39299329231e+23
7.17897987692e+23